4B112103	40	95	80	70	90
4B190150	30	90	40	40	90
4B1G0001	40	60	70	40	80
4B1G0004	10	60	70	70	80
4B1G0014	30	50	40	40	70
4B1G0016	30	55	70	40	80
4B1G0020	0	55	40	40	40
4B1G0022	40	55	40	40	70
4B1G0024	0	0	40	40	40
4B1G0026	60	90	40	40	80
4B1G0030	0	60	40	40	40
4B1G0035	30	60	40	40	60
4B1G0036	90	60	40	40	90
4B1G0037	50	55	40	40	70
4B1G0038	30	80	70	60	70
4B1G0040	50	80	40	80	60
4B1G0046	30	55	40	40	60
4B1G0051	60	90	70	90	70
4B1G0055	0	0	40	40	60
4B1G0060	40	70	40	80	60
4B1G0061	30	50	70	90	60
4B1G0062	40	65	70	90	80
4B1G0064	30	60	90	40	60
4B1G0069	50	90	70	80	70
4B1G0081	30	55	40	40	60
4B1G0087	30	80	70	80	60
4B1G0089	90	90	70	40	80
4B1G0097	60	90	90	90	70
4B1G0098	60	70	90	90	60
4B1G0120	70	60	70	90	70
4B1G0124	0	70	40	40	70
4B1G0129	40	50	40	40	40
4B1G0130	80	55	40	40	60
4B1G0132	60	55	40	40	60
4B1G0140	30	55	40	40	60
4B1G0143	40	55	40	40	40
4B1G0146	50	65	90	80	70
4B1G0154	70	50	40	60	60
4B1G0157	30	55	40	40	60
4B1G0158	20	50	40	40	60
4B1G0161	30	70	90	90	60
4B1G0163	10	0	40	40	60
4B1G0168	70	90	70	90	90
4B1G0171	60	80	90	90	70
4B1G0172	40	70	70	90	80
4B1G0175	40	65	40	40	70
4B1G0176	90	70	90	80	70
4B1G0180	90	90	40	40	60
4B1G0910	50	80	70	60	70
4B1L0901	50	90	80	90	70
